1.0 958.0 38.0 1.0 933.0 33.0 1.0
2.0 1117.0 111.0 1.0 1027.0 132.0 1.0
3.0 874.0 285.0 1.0 692.0 223.0 1.0
4.0 707.0 218.0 1.0 595.0 123.0 1.0
5 944.6687588529782 480.29978866103426 1.0 890.2192383866609 440.42656759424966 1.0
6.0 1094.0 536.0 1.0 980.0 535.0 1.0
7.0 862.0 535.0 1.0 652.0 638.0 1.0
8.0 710.0 648.0 1.0 567.0 532.0 1.0
9.0 292.0 569.0 1.0 272.0 360.0 1.0
10.0 770.0 969.0 1.0 432.0 814.0 1.0
11.0 770.0 1465.0 1.0 414.0 1284.0 1.0
12.0 317.0 1057.0 1.0 258.0 818.0 1.0
13 993.5837721622288 241.55686673994808 1.0 1077 269 1
14.0 1487.0 598.0 1.0 1303.0 700.0 1.0
15.0 1462.0 1079.0 1.0 1257.0 1165.0 1.0
16 994.9038073617444 714.0199405951173 1.0 1066.6564923739263 712.4923098725112 1.0
